2.5 12.25 1 0.5
19 16.5 1 2
0 0 6.5 1
0 1 2.5 0.5
0 1.5 1 2.5
0 4 2 1
1 1.5 0.25 0.5
2 5 0.5 0.5
2.5 5.5 0.5 0.5
3 6 1 0.5
3.5 6.5 1 0.5
4.5 6.75 2 0.25
4.5 1 1 0.25
5.5 1 2.5 0.5
6.5 6.5 0.5 3.25
7.5 1.5 2 0.5
7.5 5.5 0.5 4.25
8 5 1.5 0.5
8.5 2 1.5 0.5
9 4.5 0.5 0.5
9.5 2.5 0.5 2.5
3.5 9.5 3 0.25
2 9.5 1.5 0.5
1 10 1 0.5
1 10.5 0.25 1
0.5 11.5 0.5 1
0.5 12.25 2 0.5
0.5 12.5 0.25 3
0.5 15 0.75 1
1 16 0.5 1
1.5 16.5 0.5 0.5
2 17 0.5 1
2.5 18 0.5 0.5
3 18.5 1 0.5
3.25 16.25 0.5 1
3.75 17 0.75 2
4 18 0.75 2
4.5 18.5 0.5 1.5
5 19.75 2 0.25
6.5 19 1 1
7.5 18 0.75 2
8 20 0.75 1
9 21 2 1.5
9.5 20 1 1
11 22.5 3.5 0.5
11.75 19 0.75 1.25
11 18.5 0.75 1.5
9 18 2.25 1
9.5 17 1.5 1
8.5 16.5 2.5 0.5
6.5 16 4 0.5
5.75 16 0.75 2
6 18 0.5 0.5
5.5 15 3.25 1
6 14.5 1.5 0.5
5 13 1 1.5
4.5 12.5 1 0.5
3.5 12.25 1 0.75